Country,Year,Headcount 1000,Headcount Ratio 60 Median,Mean,Median,Gini,Mld,Palma Ratio,P50 P10 Ratio
Malawi,2017,17621000.0,18.2104,2.1205,1.5841,0.3921,0.2512,1.782,2.0912
Malawi,2018,18034000.0,18.421,2.095,1.558,0.3885,0.2481,1.754,2.078
Malawi,2019,18463670.0,18.617613,2.069363,1.533903,0.385432,0.244964,1.730422,2.067568
Malawi,2020,18902150.0,18.723105,2.01254,1.512041,0.3812,0.241012,1.71012,2.054102
Malawi,2021,19351000.0,18.84102,1.98541,1.498105,0.380105,0.23985,1.7054,2.04891
Malawi,2022,19812400.0,18.91054,1.95412,1.4821,0.3795,0.23891,1.7012,2.0421
Uganda,2017,40120000.0,20.451,3.421,2.4105,0.421,0.3012,2.112,2.205
Uganda,2018,41380000.0,20.612,3.468,2.438,0.4241,0.3051,2.125,2.214
Uganda,2019,42668170.0,20.782944,3.515108,2.467643,0.427055,0.309856,2.139653,2.225225
Uganda,2020,43850120.0,20.8541,3.4812,2.45102,0.4251,0.3074,2.1284,2.2198
Uganda,2021,45080000.0,20.912,3.521,2.478,0.4265,0.3089,2.132,2.2215
Uganda,2022,46345000.0,20.985,3.564,2.502,0.4278,0.3101,2.141,2.228
Zimbabwe,2017,13163330.0,21.555514,4.409205,2.874558,0.443371,0.322848,2.307359,2.141791
Zimbabwe,2018,13280150.0,23.12051,4.4512,2.764,0.4721,0.3751,2.5102,2.275
Zimbabwe,2019,13389440.0,24.681539,4.500192,2.654817,0.502565,0.427862,,2.409091
Zimbabwe,2020,13501200.0,25.1024,4.1205,2.5104,0.5081,0.435,,2.435
Zimbabwe,2021,13615000.0,25.415,4.281,2.589,0.5065,0.4312,2.895,2.421
Zimbabwe,2022,13732000.0,25.68,4.351,2.621,0.5042,0.4285,2.881,2.412
India,2017,1245071000.0,11.637702,4.679208,3.46,0.35943,0.210912,1.531233,1.73
India,2018,1244184000.0,13.745334,4.951859,3.8,0.345897,0.194022,1.41442,1.818182
India,2019,1258870000.0,13.599556,5.127416,3.89,0.357339,0.210104,1.53512,1.809302
India,2020,1265100000.0,14.1205,4.8105,3.65,0.3521,0.2014,1.485,1.821
India,2021,1272400000.0,13.481,5.254,3.98,0.3489,0.1985,1.452,1.798
India,2022,1281000000.0,13.21,5.481,4.12,0.3421,0.1921,1.428,1.785
Turkey,2017,19807610.0,22.760218,22.078205,16.06423,0.414057,0.289921,1.99583,2.440729
Turkey,2018,19611420.0,22.852944,22.545925,16.291752,0.418775,0.295533,2.049299,2.469697
Turkey,2019,20887040.0,23.697704,22.202902,16.1848,0.419091,0.301491,2.039494,2.635179
Turkey,2020,21450200.0,24.1205,22.1504,16.0125,0.4245,0.312,2.1102,2.6841
Turkey,2021,21890000.0,24.512,22.841,16.32,0.4312,0.3205,2.185,2.712
Turkey,2022,22340000.0,24.891,23.15,16.51,0.4381,0.3291,2.221,2.748
Romania,2017,5680202.0,25.836984,17.608609,15.409707,0.360168,0.260946,1.468741,3.221757
Romania,2018,6264877.0,16.638106,14.344637,12.66055,0.287829,0.138998,1.028007,2.015924
Romania,2019,3856887.0,25.147476,21.466862,19.02761,0.348042,0.239444,1.381189,3.003155
Romania,2020,3782100.0,24.8912,21.895,19.3412,0.3451,0.2341,1.3621,2.9812
Romania,2021,3715000.0,24.65,22.841,20.15,0.342,0.231,1.345,2.951
Romania,2022,3650000.0,24.41,23.412,20.89,0.3391,0.228,1.328,2.921
Brazil,2017,85878990.0,29.408009,20.329958,12.198941,0.533341,0.529321,3.96051,3.556851
Brazil,2018,87855720.0,29.478586,20.298937,12.057684,0.538709,0.541824,4.087548,3.643505
Brazil,2019,86672450.0,29.821758,20.387281,12.443444,0.534858,0.537548,4.013316,3.769697
Brazil,2020,73143960.0,24.362843,21.037208,13.488486,0.488804,0.420643,2.993981,2.705411
Brazil,2021,84120500.0,28.912,19.851,12.1054,0.5291,0.5184,3.8912,3.4812
Brazil,2022,75412000.0,25.104,22.154,14.1205,0.5184,0.4851,3.512,3.1024
Poland,2017,5574448.0,15.652987,20.121949,16.996755,0.302966,0.150212,1.12857,1.888889
Poland,2018,1523444.0,16.475612,32.350293,27.94274,0.302154,0.160811,1.117292,1.973164
Poland,2019,5000363.0,14.735855,20.499295,17.241078,0.302395,0.150102,1.129737,1.863784
Poland,2020,4851020.0,14.512,20.8912,17.651,0.2985,0.1462,1.1105,1.8412
Poland,2021,4721000.0,14.281,21.65,18.21,0.2951,0.1421,1.0982,1.825
Poland,2022,4610000.0,14.05,22.18,18.75,0.2912,0.1385,1.082,1.801
Austria,2017,94686.0,17.434439,64.194778,57.028056,0.297376,0.16587,1.077778,2.047739
Austria,2018,118199.0,17.549405,64.867306,56.41074,0.308488,0.18581,1.14611,2.021505
Austria,2019,106329.0,16.541639,66.168186,57.64287,0.302116,0.182912,1.096517,2.032793
Austria,2020,104510.0,16.2105,65.8912,57.1205,0.2981,0.1785,1.0851,2.0185
Austria,2021,102800.0,15.981,67.2105,58.451,0.2954,0.1741,1.0721,2.0012
Austria,2022,101200.0,15.75,68.12,59.21,0.292,0.171,1.061,1.985
Norway,2017,49860.0,13.609759,71.553446,64.224185,0.269873,0.143313,0.932768,1.86087
Norway,2018,49120.0,13.4812,72.1054,64.8912,0.2681,0.1415,0.9281,1.8512
Norway,2019,48510.0,13.291,73.1205,65.651,0.2654,0.1398,0.9215,1.841
Norway,2020,47820.0,13.105,72.851,65.2105,0.2641,0.1382,0.915,1.8325
Norway,2021,47100.0,12.951,74.512,66.812,0.2612,0.1365,0.9082,1.821
Norway,2022,46400.0,12.81,75.89,67.95,0.2589,0.1341,0.899,1.808
Luxembourg,2017,12100.0,17.12,78.45,70.12,0.3012,0.1785,1.112,2.012
Luxembourg,2018,12400.0,17.25,79.12,70.85,0.3045,0.1829,1.125,2.025
Luxembourg,2019,12800.0,17.05,80.21,71.91,0.3021,0.1798,1.108,2.008
Luxembourg,2020,12600.0,16.89,79.85,71.45,0.2985,0.1751,1.095,1.992
Luxembourg,2021,12500.0,16.71,81.12,72.81,0.2951,0.1712,1.081,1.978
Luxembourg,2022,12300.0,16.55,82.05,73.62,0.2918,0.168,1.069,1.962
United States,2017,32512000.0,23.10,78.52,58.20,0.4120,0.3012,2.012,2.581
United States,2018,32680000.0,23.25,79.80,59.10,0.4140,0.3045,2.035,2.595
United States,2019,32830000.0,23.40,81.20,60.05,0.4190,0.3120,2.080,2.620
United States,2020,33150000.0,22.80,80.50,59.50,0.4150,0.3080,2.040,2.590
United States,2021,33200000.0,22.95,82.10,60.80,0.4160,0.3100,2.050,2.605
United States,2022,33320000.0,23.10,83.40,61.50,0.4170,0.3115,2.062,2.610
